-0.202245	0.199828	0.465199
-0.2	0.2	0.533339
-0.2	0.2	0.600006
-0.2	0.2	0.666672
-0.2	0.2	0.733339
-0.2	0.2	0.800006
1.10147e-05	0.1992	0.466094
1.82898e-09	0.2	0.533254
-1.00966e-13	0.2	0.6
-3.40408e-12	0.2	0.666667
3.40593e-12	0.2	0.733333
-3.49967e-12	0.2	0.8
0.202364	0.199733	0.465197
0.2	0.2	0.533328
0.2	0.2	0.599994
0.2	0.2	0.666661
0.2	0.2	0.733328
0.2	0.2	0.799994
5.10798e-05	0.402834	0.464812
-5.99391e-07	0.399999	0.533333
0	0.4	0.6
0	0.4	0.666667
0	0.4	0.733333
0	0.4	0.8
-0.100828	0.25086	0.432652
-0.102047	0.251995	0.50004
0.100883	0.250828	0.432642
0.102046	0.251995	0.50004
-0.200706	0.250632	0.399078
-0.201689	0.250967	0.46526
-0.2	0.2	0.566661
-0.197907	0.247638	0.53246
-0.2	0.2	0.633328
-0.198012	0.24728	0.59999
-0.199194	0.200806	0.7
-0.198009	0.247275	0.666666
-0.2	0.2	0.766661
-0.198009	0.247275	0.733335
-0.2	0.2	0.833328
-0.198012	0.24728	0.800011
-0.199998	0.200001	0.9
4.08353e-05	0.250746	0.399273
4.30903e-06	0.250577	0.466876
-2.6736e-11	0.2	0.566667
0.100397	0.2	0.533256
-4.74203e-14	0.2	0.633333
0.10041	0.2	0.6
0	0.2	0.7
0.10041	0.2	0.666666
-8.46057e-13	0.2	0.766667
0.10041	0.2	0.733333
-1.13551e-09	0.2	0.833333
0.10041	0.2	0.8
0	0.2	0.9
0.200822	0.250571	0.399069
0.201736	0.250893	0.465257
0.19791	0.247636	0.532459
0.198012	0.247281	0.599989
0.198009	0.247275	0.666665
0.198009	0.247275	0.733334
0.198012	0.247281	0.80001
-0.197813	0.297606	0.566427
-0.197785	0.297467	0.633318
-0.197781	0.297459	0.7
-0.197785	0.297467	0.766683
-0.197814	0.297604	0.833575
-0.199778	0.300124	0.902174
0.100439	0.301112	0.399109
8.56546e-06	0.352863	0.46571
0.100999	0.298998	0.532433
0.101247	0.298753	0.6
0.101247	0.298753	0.666667
0.101247	0.298753	0.733333
0.101247	0.298753	0.8
-2.81138e-06	0.301334	0.899996
-0.0979795	0.3995	0.867525
0.100199	0.402132	0.465001
0.0979889	0.399701	0.532499
0.0978321	0.399202	0.599947
0.097822	0.39917	0.666661
0.097822	0.39917	0.73334
1.05554e-05	0.149516	0.499148
1.77711e-06	0.151318	0.566601
4.53965e-07	0.151394	0.633326
1.51214e-07	0.1514	0.700001
5.35125e-08	0.151394	0.766675
-2.4331e-07	0.151312	0.833403
-0.10041	0.2	0.833333
0.203151	0.148943	0.498993
0.203871	0.14952	0.566572
0.203908	0.149559	0.63332
0.203861	0.14961	0.700001
0.203907	0.149558	0.766683
0.203871	0.149511	0.833433
0.100409	0.2	0.833334
-0.1007	0.301499	0.432488
-1.89446e-07	0.250046	0.5
-0.0965384	0.302533	0.50003
-0.101244	0.298756	0.566658
-0.101247	0.298753	0.633333
-0.101247	0.298753	0.7
-0.101247	0.298753	0.766667
-0.101525	0.251211	0.933726
-1.86324e-07	0.250049	0.9
0.200269	0.25025	0.497613
0.198011	0.247309	0.5666
0.198011	0.247275	0.633331
0.198004	0.247279	0.7
0.198011	0.247275	0.766671
0.198011	0.247309	0.833402
0.200266	0.250242	0.90239
-0.0973321	0.347945	0.532187
-0.254141	0.197675	0.533099
-0.199999	0.2	0.516734
-0.2	0.2	0.55
-0.254161	0.197541	0.599984
-0.2	0.2	0.583333
-0.2	0.2	0.616667
-0.254151	0.197544	0.666666
-0.2	0.2	0.65
-0.2	0.2	0.683333
-0.254154	0.197541	0.733338
-0.2	0.2	0.716667
-0.2	0.2	0.75
-0.254162	0.19754	0.800021
-0.2	0.2	0.783333
-0.2	0.2	0.816667
-0.254149	0.197646	0.866936
-0.2	0.2	0.85
-0.199999	0.2	0.883265
8.94747e-07	0.176371	0.533159
-0.0500437	0.2	0.533254
-2.79425e-08	0.2	0.516392
3.40413e-08	0.2	0.549992
1.79108e-07	0.176563	0.599996
-0.0500452	0.2	0.6
-3.39503e-08	0.2	0.583333
3.39458e-08	0.2	0.616667
6.63651e-08	0.176566	0.666666
-0.0500452	0.2	0.666667
-3.39465e-08	0.2	0.65
3.39404e-08	0.2	0.683333
2.52982e-08	0.176566	0.733334
-0.0500452	0.2	0.733333
-3.39404e-08	0.2	0.716667
3.39464e-08	0.2	0.75
5.65131e-09	0.176563	0.800004
-0.0500452	0.2	0.8
-3.39495e-08	0.2	0.783333
3.39365e-08	0.2	0.816667
-3.70063e-07	0.176363	0.866843
-0.0500438	0.2	0.866745
-4.57495e-08	0.2	0.850008
-1.1326e-08	0.2	0.883605
0.205067	0.173987	0.53316
0.151739	0.2	0.533272
0.199999	0.2	0.516734
0.205155	0.174084	0.599989
0.15178	0.2	0.599997
0.2	0.2	0.583333
0.205152	0.174092	0.666664
0.15178	0.2	0.666664
0.2	0.2	0.65
0.20515	0.174094	0.733334
0.15178	0.2	0.73333
0.2	0.2	0.716667
0.205155	0.174084	0.80001
0.15178	0.2	0.799997
0.2	0.2	0.783333
0.205025	0.173958	0.866839
0.151709	0.2	0.866724
0.2	0.2	0.85
-0.0475452	0.399585	0.532807
-2.69334e-06	0.399997	0.516767
-0.0475756	0.399332	0.599982
0	0.4	0.583333
-0.0475739	0.399321	0.666664
0	0.4	0.65
-0.047574	0.399321	0.733336
0	0.4	0.716667
-0.0475757	0.399332	0.800019
0	0.4	0.783333
0.047652	0.399676	0.800014
-0.0475455	0.399585	0.867193
-0.249166	0.247461	0.83352
-0.101181	0.225489	0.500007
-0.102046	0.251794	0.483461
-0.0506595	0.250501	0.500001
-0.101474	0.277557	0.500147
-0.151273	0.248727	0.566659
-0.151275	0.248725	0.633333
-0.151275	0.248725	0.7
-0.151275	0.248725	0.766667
-0.151273	0.248727	0.833341
-0.10118	0.225494	0.899993
-0.102049	0.251781	0.916544
-0.0506595	0.250504	0.899999
-0.101474	0.277557	0.899853
0.10118	0.225488	0.500007
0.102047	0.251785	0.48346
0.146539	0.252462	0.500033
0.101472	0.277556	0.500147
0.151273	0.248727	0.566659
0.151275	0.248725	0.633333
0.151275	0.248725	0.7
0.151275	0.248725	0.766667
0.151273	0.248727	0.833341
0.10118	0.225494	0.899993
0.102045	0.251777	0.916545
0.146539	0.252462	0.899967
-0.0975053	0.348791	0.514118
-0.0974884	0.347529	0.583305
-0.0974861	0.347513	0.649998
-0.0974858	0.347513	0.716667
-0.0974871	0.347516	0.78334
-0.0974473	0.347642	0.850329
0.100419	0.325816	0.497474
0.0975696	0.322563	0.566638
0.0975743	0.322552	0.633333
0.0975742	0.322552	0.7
0.0975743	0.322552	0.766667
0.0975696	0.322563	0.833362
-0.253895	0.198466	0.498513
-0.254158	0.197558	0.566609
-0.100772	0.176251	0.533164
-0.100305	0.2	0.516405
-0.197983	0.247382	0.549749
-0.254163	0.197535	0.633325
-0.10083	0.176428	0.599996
-0.100412	0.2	0.583333
-0.198009	0.247278	0.616661
-0.254027	0.197668	0.7
-0.100831	0.176432	0.666666
-0.100412	0.2	0.65
-0.198005	0.247277	0.683333
-0.254163	0.197534	0.766673
-0.100831	0.176432	0.733334
-0.100412	0.2	0.716667
-0.198008	0.247275	0.750002
-0.254162	0.197555	0.83339
-0.10083	0.176428	0.800005
-0.100412	0.2	0.783333
-0.198011	0.247288	0.81669
-0.151275	0.248725	0.8
-0.100775	0.176244	0.866839
-0.100411	0.2	0.850008
-0.198105	0.24843	0.885334
3.88578e-06	0.173965	0.498883
-0.05	0.2	0.5
0.05	0.2	0.5
3.40788e-07	0.176549	0.566649
-0.0500452	0.2	0.566667
0.100776	0.17625	0.533163
0.100301	0.2	0.516405
8.38941e-08	0.176567	0.633332
-0.0500452	0.2	0.633333
0.100831	0.176428	0.599995
0.100407	0.2	0.583333
2.84638e-08	0.176568	0.7
-0.0500452	0.2	0.7
0.100831	0.176432	0.666666
0.100407	0.2	0.65
1.01801e-08	0.176567	0.766668
-0.0500452	0.2	0.766667
0.100831	0.176432	0.733334
0.100407	0.2	0.716667
-9.876e-08	0.176548	0.833352
-0.0500452	0.2	0.833333
0.10083	0.176428	0.800004
0.100407	0.2	0.783333
0.100412	0.2	0.816667
-0.05	0.2	0.9
0.05	0.2	0.9
0.100766	0.176243	0.866839
0.100404	0.2	0.850008
0.204363	0.173282	0.498639
0.205149	0.174076	0.566636
0.301256	0.222987	0.532737
0.20516	0.174086	0.63333
0.301111	0.222536	0.599939
0.205033	0.174213	0.7
0.301092	0.222511	0.666658
0.20516	0.174086	0.766672
0.301092	0.222511	0.733341
0.205147	0.174073	0.833369
0.301112	0.222535	0.800062
0.249143	0.247371	0.800049
0.301266	0.222992	0.867267
-0.197727	0.322744	0.566367
-0.100345	0.299652	0.513774
-0.197685	0.322567	0.633313
-0.101247	0.298753	0.583333
-0.19768	0.322555	0.7
-0.101247	0.298753	0.65
-0.197685	0.322566	0.766688
-0.101247	0.298753	0.716667
-0.197728	0.322742	0.833635
-0.101247	0.298753	0.783333
-0.14991	0.300488	0.902662
-0.101213	0.298787	0.850126
-0.102494	0.30271	0.917884
-1.09208e-06	0.275577	0.5
-0.0519736	0.302268	0.500041
0.0519651	0.302257	0.500041
0.0509514	0.352664	0.465433
0.100348	0.299647	0.513777
0.0973339	0.322858	0.532294
-0.0509965	0.349	0.532445
0.0509967	0.349	0.532445
0.101247	0.298753	0.583333
0.0975745	0.322553	0.599998
-0.0512412	0.348759	0.6
0.0512414	0.348759	0.6
0.101247	0.298753	0.65
0.0975743	0.322552	0.666667
-0.0512412	0.348759	0.666667
0.0512414	0.348759	0.666667
0.101247	0.298753	0.716667
0.0975743	0.322552	0.733333
-0.0512412	0.348759	0.733333
0.0512414	0.348759	0.733333
0.101247	0.298753	0.783333
0.0975745	0.322553	0.800002
-0.0512412	0.348759	0.8
0.0512414	0.348759	0.8
-1.09179e-06	0.275577	0.9
-0.0519736	0.302268	0.899959
0.0519651	0.302257	0.899959
0.101213	0.298787	0.850126
0.0973338	0.322858	0.867706
-0.0509965	0.349	0.867555
-0.0978856	0.399206	0.850431
-4.87815e-07	0.149367	0.90092
-0.151691	0.199115	0.918191
0.203115	0.148831	0.901079
0.0502625	0.198307	0.917562
-0.151831	0.225791	0.465665
-0.152499	0.252234	0.482017
-0.198938	0.222205	0.549933
-0.151243	0.248757	0.549882
-0.198952	0.22218	0.616666
-0.151275	0.248725	0.616667
-0.198944	0.222188	0.683333
-0.151275	0.248725	0.683333
-0.198952	0.22218	0.75
-0.151275	0.248725	0.75
-0.198952	0.222182	0.81667
-0.151275	0.248725	0.816667
-0.151411	0.227211	0.899905
0.0505758	0.224978	0.466544
0.0508418	0.250678	0.48404
0.0500454	0.2	0.549992
0.0500454	0.2	0.616667
0.0500454	0.2	0.683333
0.0500454	0.2	0.75
0.0500454	0.2	0.816667
-0.100934	0.352215	0.934802
-2.90547e-06	0.327746	0.483615
0.0975292	0.322613	0.549797
0.0975744	0.322553	0.616666
0.0975742	0.322552	0.683333
0.0975742	0.322552	0.75
0.0975742	0.322555	0.816672
-0.152374	0.175698	0.533183
1.28639e-06	0.175739	0.516182
-0.152484	0.175843	0.599997
5.63379e-07	0.176521	0.549947
7.90547e-08	0.176566	0.583327
-0.152483	0.175848	0.666667
2.04543e-07	0.176572	0.616665
-5.23653e-08	0.176573	0.649999
-0.152483	0.175848	0.733335
1.47136e-07	0.176574	0.683333
-8.8976e-08	0.176574	0.716667
-0.152485	0.175843	0.800006
1.23793e-07	0.176573	0.750001
-9.93546e-08	0.176572	0.783335
-0.100817	0.176387	0.850053
8.12942e-08	0.176566	0.816674
-3.40463e-07	0.176518	0.850053
0.0501944	0.176361	0.53316
0.152383	0.175697	0.533177
0.0502108	0.176551	0.599997
0.152479	0.175832	0.566649
0.152485	0.175843	0.599994
0.0502109	0.176554	0.666666
0.152486	0.175845	0.633333
0.152484	0.175848	0.666665
0.0502109	0.176554	0.733334
0.152467	0.175865	0.700001
0.152483	0.175848	0.733333
0.0502106	0.176551	0.800003
0.152486	0.175845	0.76667
0.152485	0.175843	0.800004
0.100808	0.176386	0.850053
0.152477	0.175831	0.833355
0.151783	0.2	0.816667
-0.05097	0.276504	0.466661
-0.150397	0.249604	0.513872
-0.147558	0.298733	0.514102
-0.051837	0.30239	0.483522
-0.147532	0.297458	0.583306
-0.14753	0.297443	0.649998
-0.14753	0.297442	0.716667
-0.147531	0.297446	0.783339
-0.152504	0.252201	0.917988
-0.102517	0.277549	0.91715
0.0509693	0.276491	0.466659
0.152505	0.252213	0.482017
0.1989	0.222848	0.515866
0.147572	0.29874	0.514116
0.151244	0.248756	0.549882
0.147532	0.29746	0.583306
0.151275	0.248725	0.616667
0.14753	0.297445	0.649998
0.151275	0.248725	0.683333
0.14753	0.297444	0.716667
0.151275	0.248725	0.75
0.147531	0.297447	0.783339
0.151275	0.248725	0.816667
0.0508399	0.250673	0.915966
0.151411	0.227211	0.899905
0.152501	0.252198	0.917989
-0.148177	0.349154	0.514649
-0.0519203	0.353108	0.481927
-0.147599	0.347726	0.583219
-0.0512081	0.348792	0.549876
-0.147582	0.347658	0.64999
-0.0512412	0.348759	0.616667
-0.14758	0.347654	0.716669
-0.0512412	0.348759	0.683333
-0.147587	0.347672	0.783364
-0.0512412	0.348759	0.75
-0.147636	0.347982	0.850572
-0.0512412	0.348759	0.816667
0.0971923	0.323654	0.513863
0.0975742	0.322555	0.583328
0.0975742	0.322552	0.65
0.0975742	0.322552	0.716667
0.0975744	0.322553	0.783334
0.0975292	0.322613	0.850203
-0.0509687	0.377772	0.481319
-0.14768	0.373085	0.583179
-0.0175682	0.382433	0.541503
-0.147652	0.372989	0.649985
-0.0176172	0.382383	0.608333
-0.14765	0.372983	0.716671
-0.0176172	0.382383	0.675
-0.14766	0.37301	0.78338
-0.0176172	0.382383	0.741667
-0.147758	0.373376	0.85061
-0.0176172	0.382383	0.808333
0.0510059	0.377779	0.481322
0.148321	0.374458	0.514933
0.0175631	0.382438	0.541503
0.147675	0.373155	0.583181
0.0176116	0.382388	0.608333
0.147644	0.373063	0.649985
0.0176116	0.382388	0.675
0.147642	0.373057	0.716671
0.0176116	0.382388	0.741667
0.147652	0.373083	0.783379
0.0176116	0.382388	0.808333
-0.126374	0.212397	0.491409
-0.168019	0.231981	0.541412
-0.168077	0.231923	0.55831
-0.168084	0.231916	0.608334
-0.168084	0.231916	0.625
-0.168083	0.231917	0.675
-0.168081	0.231919	0.691666
-0.168083	0.231917	0.741667
-0.168084	0.231916	0.758333
-0.168084	0.231917	0.808333
-0.168083	0.231917	0.825
-0.167743	0.232267	0.876334
0.0269195	0.340884	0.49181
0.0678246	0.332175	0.558297
0.067737	0.332263	0.541292
0.0678348	0.332165	0.625
0.0678348	0.332165	0.608333
0.0678348	0.332165	0.691667
0.0678348	0.332165	0.675
0.0678348	0.332165	0.758333
0.0678348	0.332165	0.741667
0.0678342	0.332166	0.825001
-0.226184	0.209515	0.841703
-0.167746	0.232265	0.523665
-0.0252199	0.237298	0.492615
-0.17223	0.260394	0.523246
-0.173148	0.261799	0.505447
-0.0777052	0.290287	0.491882
-0.168086	0.231914	0.591667
-0.172421	0.259934	0.541163
-0.172503	0.259807	0.558233
-0.17252	0.259773	0.59166
-0.172518	0.259779	0.57498
-0.117833	0.282167	0.574999
-0.168086	0.231914	0.658333
-0.172519	0.259771	0.608331
-0.172519	0.25977	0.624998
-0.172519	0.259769	0.658333
-0.172519	0.259769	0.641666
-0.117834	0.282166	0.641667
-0.168085	0.231915	0.725
-0.172518	0.25977	0.675
-0.172518	0.25977	0.691667
-0.172519	0.259769	0.725
-0.172518	0.25977	0.708333
-0.117834	0.282166	0.708333
-0.168086	0.231914	0.791667
-0.172519	0.25977	0.741667
-0.172519	0.25977	0.758334
-0.17252	0.259771	0.79167
-0.172519	0.25977	0.775001
-0.117834	0.282166	0.775
-0.168022	0.231979	0.858588
-0.172519	0.259773	0.80834
-0.172518	0.259779	0.82502
-0.172422	0.259933	0.858837
-0.172504	0.259806	0.841767
-0.0252201	0.237305	0.907386
-0.17223	0.260393	0.876754
-0.173149	0.261795	0.894553
0.126375	0.212389	0.491409
0.167743	0.232267	0.523666
0.0776857	0.290269	0.491884
0.172231	0.260393	0.523247
0.173149	0.261796	0.505448
0.116426	0.28367	0.505645
0.168022	0.231979	0.541412
0.168079	0.231921	0.55831
0.168084	0.231917	0.591667
0.172422	0.259934	0.541163
0.172504	0.259806	0.558234
0.172519	0.259773	0.59166
0.172518	0.25978	0.57498
0.117833	0.282167	0.574999
0.168086	0.231914	0.608333
0.168086	0.231914	0.625
0.168083	0.231917	0.658333
0.17252	0.259771	0.60833
0.172519	0.25977	0.624999
0.172519	0.25977	0.658333
0.172519	0.25977	0.641666
0.117834	0.282166	0.641667
0.168085	0.231915	0.675
0.168083	0.231917	0.691667
0.168083	0.231917	0.725
0.172519	0.25977	0.675
0.172518	0.25977	0.691667
0.172518	0.25977	0.725
0.172518	0.259771	0.708333
0.117834	0.282166	0.708333
0.168086	0.231914	0.741667
0.168086	0.231914	0.758333
0.168084	0.231916	0.791666
0.172519	0.259769	0.741667
0.172519	0.25977	0.758334
0.172519	0.259771	0.791669
0.172519	0.25977	0.775002
0.117834	0.282166	0.775
0.168086	0.231914	0.808333
0.168085	0.231915	0.825001
0.168017	0.231984	0.858588
0.17252	0.259773	0.80834
0.172518	0.259779	0.82502
0.172421	0.259935	0.858837
0.172503	0.259807	0.841767
0.0252196	0.237305	0.907386
0.167741	0.232269	0.876334
0.0776855	0.290269	0.908117
0.17223	0.260394	0.876754
0.173148	0.261795	0.894553
-0.0269218	0.340887	0.49181
-0.0664268	0.333671	0.505648
-0.0810106	0.318976	0.501149
-0.072959	0.361912	0.505287
-0.0720408	0.360541	0.523168
-0.122401	0.30985	0.574977
-0.0678246	0.332175	0.558297
-0.0677369	0.332264	0.541291
-0.0678342	0.332166	0.574999
-0.0723333	0.359949	0.558228
-0.0723493	0.359921	0.574978
-0.122402	0.30984	0.641666
-0.0678348	0.332165	0.625
-0.0678348	0.332165	0.608333
-0.0678348	0.332165	0.641667
-0.0723506	0.359911	0.624998
-0.0723505	0.359911	0.641666
-0.122402	0.309839	0.708333
-0.0678348	0.332165	0.691667
-0.0678348	0.332165	0.675
-0.0678348	0.332165	0.708333
-0.0723503	0.35991	0.691667
-0.0723503	0.35991	0.708333
-0.122402	0.30984	0.775002
-0.0678348	0.332165	0.758333
-0.0678348	0.332165	0.741667
-0.0678348	0.332165	0.775
-0.0723505	0.359911	0.758334
-0.0723506	0.359911	0.775002
-0.122384	0.30988	0.84178
-0.0678342	0.332166	0.825001
-0.0678348	0.332165	0.808333
-0.0678246	0.332175	0.841703
-0.0723494	0.359921	0.825022
-0.0723334	0.359949	0.841772
-0.0722458	0.36008	0.85886
0.0664274	0.33367	0.505647
0.0810432	0.318944	0.501146
0.0729599	0.361915	0.505289
0.0167721	0.383352	0.508217
0.0720426	0.360547	0.523169
0.0678342	0.332166	0.574999
0.0723342	0.359957	0.558228
0.07235	0.359929	0.574979
0.0723515	0.359922	0.59166
0.0678348	0.332165	0.641667
0.0723511	0.35992	0.624998
0.0723509	0.359919	0.641666
0.0723508	0.359919	0.658333
0.0678348	0.332165	0.708333
0.0723508	0.359919	0.691667
0.0723508	0.359919	0.708333
0.0723508	0.359919	0.725
0.0678348	0.332165	0.775
0.0723509	0.359919	0.758334
0.0723511	0.35992	0.775002
0.0723513	0.35992	0.79167
0.0678246	0.332175	0.841703
0.07235	0.359929	0.825022
0.0723342	0.359957	0.841772
-0.230817	0.197408	0.53323
-0.199999	0.2	0.524996
-0.2	0.2	0.541668
-0.176462	0.2	0.533315
-0.230833	0.197354	0.599997
-0.2	0.2	0.591663
-0.2	0.2	0.608334
-0.1765	0.2	0.600014
-0.230828	0.197357	0.666668
-0.2	0.2	0.658329
-0.2	0.2	0.675001
-0.1765	0.2	0.666681
-0.23083	0.197355	0.733336
-0.2	0.2	0.724996
-0.2	0.2	0.741668
-0.1765	0.2	0.733348
-0.230833	0.197354	0.800008
-0.2	0.2	0.791663
-0.2	0.2	0.808334
-0.1765	0.2	0.800014
-0.230817	0.197392	0.866793
-0.2	0.2	0.858329
-0.199999	0.2	0.875001
-0.176463	0.2	0.866712
1.85352e-07	0.189034	0.533214
-0.0250109	0.2	0.533254
-2.07292e-08	0.2	0.524815
2.53237e-08	0.2	0.541638
3.24018e-08	0.189103	0.599999
-0.0250112	0.2	0.6
-2.47518e-08	0.2	0.591667
2.47508e-08	0.2	0.608333
1.17161e-08	0.189103	0.666667
-0.0250112	0.2	0.666667
-2.47526e-08	0.2	0.658333
2.47458e-08	0.2	0.675
4.04984e-09	0.189103	0.733333
-0.0250112	0.2	0.733333
-2.47458e-08	0.2	0.725
2.47526e-08	0.2	0.741667
-2.38745e-10	0.189103	0.800001
-0.0250112	0.2	0.8
-2.4756e-08	0.2	0.791667
2.4754e-08	0.2	0.808333
-1.57122e-07	0.189032	0.866785
-0.0250109	0.2	0.866745
-4.97611e-08	0.2	0.858361
-2.47377e-08	0.2	0.875183
0.206566	0.185831	0.533256
0.176463	0.2	0.533287
0.199999	0.2	0.524999
0.230819	0.197395	0.53321
0.206603	0.185869	0.599996
0.1765	0.2	0.599986
0.2	0.2	0.591666
0.230833	0.197354	0.599993
0.206602	0.185871	0.666665
0.1765	0.2	0.666652
0.2	0.2	0.658332
0.23083	0.197355	0.666664
0.2066	0.185872	0.733333
0.1765	0.2	0.733319
0.2	0.2	0.724999
0.230828	0.197357	0.733332
0.206603	0.185868	0.800002
0.1765	0.2	0.799986
0.2	0.2	0.791666
0.230833	0.197354	0.800004
0.206477	0.185842	0.866742
0.176444	0.2	0.866698
0.2	0.2	0.858333
0.230771	0.197462	0.866785
-0.0224689	0.400172	0.533035
1.46421e-06	0.399998	0.525
-0.0225317	0.40006	0.599997
0	0.4	0.591667
-0.0225315	0.400058	0.666666
0	0.4	0.658333
-0.0225315	0.400058	0.733334
0	0.4	0.725
-0.0225317	0.40006	0.800003
0	0.4	0.791667
0.0228514	0.40036	0.800004
-0.022469	0.400172	0.866965
-0.29908	0.272759	0.833681
-0.101668	0.238836	0.500018
-0.102196	0.252	0.492201
-0.0762948	0.251134	0.500008
-0.102314	0.265151	0.500093
-0.101668	0.23884	0.899982
-0.102196	0.251998	0.907801
-0.0762947	0.251137	0.899992
-0.102314	0.265151	0.899907
0.101667	0.238836	0.500018
0.102195	0.251997	0.4922
0.126458	0.252463	0.500148
0.102313	0.26515	0.500093
0.101667	0.23884	0.899982
0.102195	0.251997	0.907801
0.126458	0.252464	0.899852
-0.205365	0.198289	0.48901
-0.231266	0.197594	0.497857
-0.17278	0.200001	0.5
-0.251528	0.2505	0.465165
-0.2	0.2	0.558332
-0.230831	0.197359	0.566646
-0.1765	0.2	0.566652
-0.192475	0.207525	0.56664
-0.12594	0.2	0.533263
-0.100547	0.188994	0.533219
-0.100371	0.2	0.524822
-0.172588	0.247664	0.532487
-0.2	0.2	0.624999
-0.230833	0.197353	0.63333
-0.1765	0.2	0.633319
-0.192475	0.207525	0.633307
-0.125968	0.2	0.600001
-0.10058	0.189058	0.599999
-0.100412	0.2	0.591667
-0.172776	0.247403	0.599998
-0.2	0.2	0.691666
-0.23051	0.197675	0.700001
-0.176503	0.2	0.699988
-0.192412	0.207588	0.699976
-0.125968	0.2	0.666668
-0.10058	0.189059	0.666667
-0.100412	0.2	0.658333
-0.172775	0.247402	0.666667
-0.2	0.2	0.758332
-0.230833	0.197353	0.766667
-0.1765	0.2	0.766653
-0.192475	0.207525	0.76664
-0.125968	0.2	0.733334
-0.10058	0.189059	0.733334
-0.100412	0.2	0.725
-0.172775	0.247402	0.733334
-0.2	0.2	0.824999
-0.230832	0.197358	0.833351
-0.1765	0.2	0.833319
-0.192475	0.207525	0.833307
-0.125968	0.2	0.800001
-0.10058	0.189058	0.800001
-0.100412	0.2	0.791667
-0.172776	0.247403	0.800002
-0.205388	0.198049	0.910924
-0.172781	0.200001	0.9
-0.254265	0.19829	0.901597
-0.125941	0.2	0.866738
-0.100549	0.188992	0.866781
-0.100408	0.2	0.858361
8.25969e-07	0.197445	0.490314
7.86036e-07	0.185556	0.498416
-0.025	0.2	0.5
0.025	0.2	0.5
0.101002	0.174289	0.465708
2.47294e-08	0.2	0.558332
6.54785e-08	0.189099	0.566662
-0.0250112	0.2	0.566667
0.0250112	0.2	0.566667
0.0751429	0.2	0.533254
0.100548	0.188994	0.533218
0.100367	0.2	0.524821
0.100408	0.2	0.541638
2.47508e-08	0.2	0.625
1.5516e-08	0.189103	0.633333
-0.0250112	0.2	0.633333
0.0250112	0.2	0.633333
0.0751478	0.2	0.6
0.10058	0.189058	0.599999
0.100408	0.2	0.591666
0.100412	0.2	0.608333
2.47473e-08	0.2	0.691667
5.25774e-09	0.189104	0.7
-0.0250112	0.2	0.7
0.0250112	0.2	0.7
0.0751478	0.2	0.666667
0.10058	0.189059	0.666666
0.100408	0.2	0.658333
0.100412	0.2	0.675
2.47507e-08	0.2	0.758333
1.8019e-09	0.189103	0.766667
-0.0250112	0.2	0.766667
0.0250112	0.2	0.766667
0.0751478	0.2	0.733333
0.10058	0.189059	0.733333
0.100408	0.2	0.725
0.100412	0.2	0.741667
2.45536e-08	0.2	0.825
-3.11988e-08	0.189099	0.833338
-0.0250112	0.2	0.833333
0.0250112	0.2	0.833333
0.0751478	0.2	0.8
0.10058	0.189058	0.800001
0.100408	0.2	0.791666
0.100412	0.2	0.808333
-9.13182e-08	0.197495	0.909717
-0.025	0.2	0.9
0.025	0.2	0.9
-2.17398e-07	0.173787	0.901171
0.0751406	0.2	0.866745
0.100541	0.188992	0.866781
0.1004	0.2	0.858361
0.205544	0.198161	0.489027
0.206577	0.18479	0.497988
0.231194	0.197717	0.497894
0.251588	0.250429	0.465207
0.2	0.2	0.558329
0.206601	0.185866	0.566658
0.230833	0.197359	0.56665
0.197832	0.247444	0.541193
0.2	0.2	0.624996
0.206604	0.185869	0.633333
0.230833	0.197353	0.633333
0.197904	0.247269	0.608328
0.2	0.2	0.691663
0.206285	0.186187	0.699999
0.23051	0.197675	0.699999
0.197902	0.247268	0.674999
0.2	0.2	0.758329
0.206604	0.185869	0.766669
0.230833	0.197353	0.766671
0.197903	0.247267	0.741668
0.2	0.2	0.824996
0.2066	0.185866	0.833346
0.230832	0.197358	0.833356
0.197905	0.247273	0.808344
0.205388	0.198049	0.910924
0.172781	0.200001	0.9
-0.122343	0.29786	0.53229
-0.100731	0.299257	0.523162
-0.101147	0.298853	0.541298
-0.12258	0.29755	0.599998
-0.101247	0.298753	0.591667
-0.101247	0.298753	0.608333
-0.12258	0.297549	0.666666
-0.101247	0.298753	0.658333
-0.101247	0.298753	0.675
-0.12258	0.297549	0.733334
-0.101247	0.298753	0.725
-0.101247	0.298753	0.741667
-0.12258	0.29755	0.800002
-0.101247	0.298753	0.791667
-0.101247	0.298753	0.808333
-0.122343	0.29786	0.86771
-0.101147	0.298853	0.858702
-0.100731	0.299257	0.876838
-3.48833e-06	0.301568	0.492615
-1.98552e-06	0.288407	0.500001
-0.0260205	0.301601	0.500009
0.0260129	0.301595	0.500009
0.122344	0.29786	0.532293
0.100732	0.299256	0.523166
0.101147	0.298853	0.541298
0.12258	0.297551	0.599998
0.101247	0.298753	0.591667
0.101247	0.298753	0.608333
0.12258	0.297549	0.666666
0.101247	0.298753	0.658333
0.101247	0.298753	0.675
0.12258	0.297549	0.733334
0.101247	0.298753	0.725
0.101247	0.298753	0.741667
0.12258	0.297551	0.800002
0.101247	0.298753	0.791667
0.101247	0.298753	0.808333
-3.69022e-06	0.301568	0.907386
-1.98546e-06	0.288407	0.899999
-0.0260205	0.301601	0.899991
0.0260129	0.301595	0.899991
0.122344	0.29786	0.867707
0.101147	0.298853	0.858702
0.100732	0.299256	0.876834
-0.0988006	0.425624	0.867423
5.17657e-06	0.399994	0.509165
0.100033	0.402041	0.481421
0	0.4	0.558333
0.098693	0.425912	0.532622
0	0.4	0.625
0.0985021	0.425474	0.599926
0	0.4	0.691667
0.0984901	0.425432	0.666657
0	0.4	0.758333
0.09849	0.425432	0.733345
0	0.4	0.825
-0.100225	0.185537	0.498409
-0.100649	0.212607	0.500002
-0.100379	0.197744	0.490237
-0.100181	0.2	0.508497
-0.100579	0.189055	0.566661
-0.125968	0.2	0.566666
-0.100407	0.2	0.558331
-0.100412	0.2	0.575
-0.10058	0.189059	0.633333
-0.125968	0.2	0.633332
-0.100408	0.2	0.625
-0.100412	0.2	0.641667
-0.100579	0.18906	0.7
-0.125968	0.2	0.699999
-0.100408	0.2	0.691666
-0.100412	0.2	0.708333
-0.10058	0.189059	0.766667
-0.125968	0.2	0.766666
-0.100408	0.2	0.758333
-0.100412	0.2	0.775
-0.100579	0.189055	0.833338
-0.125968	0.2	0.833333
-0.100408	0.2	0.825
-0.100412	0.2	0.841668
-0.100574	0.173788	0.901219
-0.100648	0.212596	0.899998
-0.124988	0.200001	0.9
-0.100399	0.19776	0.909793
0.100227	0.185536	0.498409
0.100648	0.212606	0.500002
0.100382	0.197741	0.490237
0.100177	0.2	0.508497
0.100579	0.189055	0.566662
0.0751478	0.2	0.566667
0.100412	0.2	0.558332
0.100408	0.2	0.575
0.10058	0.189059	0.633333
0.0751478	0.2	0.633333
0.100412	0.2	0.625
0.100408	0.2	0.641667
0.100579	0.18906	0.7
0.0751478	0.2	0.7
0.100412	0.2	0.691667
0.100408	0.2	0.708334
0.10058	0.189059	0.766667
0.0751478	0.2	0.766667
0.100412	0.2	0.758333
0.100408	0.2	0.775
0.100578	0.189055	0.833339
0.0751477	0.2	0.833333
0.100412	0.2	0.825
0.100407	0.2	0.841669
0.100573	0.173787	0.901219
0.100648	0.212596	0.899998
0.075	0.2	0.9
0.100399	0.19776	0.909793
-0.199976	0.262707	0.902477
-0.0252598	0.250153	0.5
0.0252594	0.250153	0.5
-1.92854e-07	0.250118	0.492667
-4.93643e-07	0.262811	0.5
-0.102989	0.291508	0.500115
-0.102974	0.303066	0.489986
-0.099811	0.300494	0.505655
-0.0764414	0.302604	0.50015
-0.122576	0.297561	0.566635
-0.101237	0.298763	0.558297
-0.101246	0.298754	0.574999
-0.12258	0.297549	0.633333
-0.101247	0.298753	0.625
-0.101247	0.298753	0.641667
-0.12258	0.297549	0.7
-0.101247	0.298753	0.691667
-0.101247	0.298753	0.708333
-0.12258	0.297549	0.766667
-0.101247	0.298753	0.758333
-0.101247	0.298753	0.775
-0.122576	0.297561	0.833365
-0.101246	0.298754	0.825001
-0.101237	0.298763	0.841703
-0.0252598	0.250156	0.9
0.0252594	0.250156	0.9
-5.01002e-07	0.25012	0.907334
-0.100558	0.325962	0.902622
-0.125441	0.300812	0.902558
-0.102974	0.303064	0.910015
0.199978	0.262713	0.497526
0.102992	0.291507	0.500114
0.0913874	0.308614	0.500298
0.102883	0.302982	0.489998
0.197754	0.259846	0.566577
0.0928314	0.307169	0.566659
0.101237	0.298763	0.558297
0.197755	0.259803	0.63333
0.0928341	0.307166	0.633333
0.101247	0.298753	0.625
0.197752	0.259804	0.7
0.0928341	0.307166	0.7
0.101247	0.298753	0.691667
0.197755	0.259803	0.766671
0.0928341	0.307166	0.766667
0.101247	0.298753	0.758333
0.197754	0.259846	0.833424
0.0928314	0.307169	0.833341
0.101246	0.298754	0.825001
0.100419	0.325816	0.902527
0.102992	0.291507	0.899886
0.076468	0.302599	0.899851
-0.0973116	0.360519	0.532188
-0.0258033	0.352967	0.500174
0.0258042	0.352967	0.500174
2.78515e-06	0.353597	0.491769
-0.152791	0.239817	0.482169
-0.176747	0.223253	0.549947
-0.176761	0.223239	0.616667
-0.176758	0.223242	0.683333
-0.176761	0.223239	0.75
-0.176761	0.223239	0.816667
-0.101146	0.35208	0.918542
0.0523473	0.340768	0.482281
0.0762134	0.323787	0.549874
0.0762469	0.323753	0.616667
0.0762469	0.323753	0.683333
0.0762469	0.323753	0.75
0.0762468	0.323753	0.816667
-0.225051	0.22219	0.850105
-0.172641	0.273677	0.514186
-0.148187	0.274624	0.505355
-0.0516457	0.289507	0.483823
-0.176768	0.223232	0.583333
-0.147578	0.272562	0.558259
-0.17262	0.272425	0.583313
-0.147593	0.272543	0.57499
-0.147396	0.28482	0.583325
-0.176768	0.223232	0.65
-0.147594	0.272538	0.624999
-0.172618	0.272414	0.649999
-0.147594	0.272538	0.641666
-0.147396	0.284816	0.65
-0.176764	0.223236	0.716667
-0.147594	0.272538	0.691667
-0.172618	0.272414	0.716667
-0.147594	0.272538	0.708333
-0.147396	0.284816	0.716667
-0.176768	0.223232	0.783333
-0.147594	0.272538	0.758334
-0.172619	0.272416	0.783338
-0.147594	0.272538	0.775001
-0.147396	0.284816	0.783335
-0.176753	0.223247	0.850053
-0.147593	0.272543	0.82501
-0.172577	0.272527	0.850302
-0.147578	0.272562	0.841741
-0.172642	0.273674	0.885815
-0.148188	0.274623	0.894645
0.152797	0.239791	0.482171
0.0770728	0.277149	0.483594
0.142005	0.258014	0.513732
0.147109	0.285953	0.513892
0.176753	0.223247	0.549947
0.147482	0.272678	0.541189
0.142807	0.257193	0.549874
0.147348	0.28489	0.549767
0.142841	0.257159	0.583333
0.147396	0.28482	0.583325
0.176768	0.223232	0.616667
0.147594	0.272539	0.608332
0.142841	0.257159	0.616667
0.147396	0.284817	0.616665
0.142841	0.257159	0.65
0.147396	0.284816	0.65
0.176764	0.223236	0.683333
0.147594	0.272538	0.675
0.142841	0.257159	0.683333
0.147396	0.284816	0.683333
0.142841	0.257159	0.716667
0.147396	0.284816	0.716667
0.176768	0.223232	0.75
0.147594	0.272538	0.741667
0.142841	0.257159	0.75
0.147396	0.284816	0.75
0.142841	0.257159	0.783333
0.147396	0.284817	0.783335
0.176768	0.223232	0.816667
0.147594	0.27254	0.808336
0.142841	0.257159	0.816667
0.147396	0.28482	0.816675
0.142807	0.257193	0.850126
0.0506402	0.237644	0.915975
0.14719	0.273124	0.876873
0.142005	0.258014	0.886268
-0.0523596	0.340783	0.48228
-0.0467625	0.386069	0.515219
-0.0469778	0.373205	0.523453
-0.122509	0.322479	0.583311
-0.0762133	0.323787	0.549874
-0.0472156	0.372813	0.54128
-0.0472959	0.372715	0.558272
-0.0467367	0.385239	0.583325
-0.0473089	0.372696	0.591664
-0.122508	0.322467	0.649999
-0.0762469	0.323753	0.616667
-0.0473089	0.372695	0.608332
-0.0473088	0.372694	0.624999
-0.0467364	0.385234	0.649999
-0.0473087	0.372694	0.658333
-0.122507	0.322467	0.716667
-0.0762469	0.323753	0.683333
-0.0473087	0.372694	0.675
-0.0473087	0.372694	0.691667
-0.0467363	0.385234	0.716667
-0.0473087	0.372694	0.725
-0.122508	0.322469	0.783338
-0.0762469	0.323753	0.75
-0.0473087	0.372694	0.741667
-0.0473087	0.372694	0.758334
-0.0467366	0.385235	0.783336
-0.0473089	0.372695	0.791668
-0.12246	0.322587	0.850326
-0.0762468	0.323753	0.816667
-0.0473089	0.372696	0.808336
-0.0473079	0.372698	0.825009
-0.0467103	0.385285	0.850136
-0.0472959	0.372715	0.841728
-0.025971	0.374029	0.850084
0.0467971	0.386141	0.515226
0.0253163	0.374738	0.514598
0.0469856	0.373222	0.523454
0.147514	0.322487	0.591637
0.0467396	0.385376	0.549868
0.0467648	0.385332	0.583326
0.0259972	0.374003	0.583333
0.0473148	0.372716	0.591664
0.14751	0.32247	0.658331
0.0467645	0.385329	0.616665
0.0467643	0.385328	0.649999
0.0259972	0.374003	0.65
0.0473145	0.372715	0.658333
0.14751	0.32247	0.725001
0.0467642	0.385328	0.683333
0.0467642	0.385328	0.716667
0.0259972	0.374003	0.716667
0.0473145	0.372715	0.725
0.147512	0.322478	0.79168
0.0467643	0.385328	0.750001
0.0467645	0.385329	0.783335
0.0259972	0.374003	0.783333
0.0473147	0.372716	0.791668
0.1475	0.322578	0.841907
0.0467648	0.385332	0.816674
0.0467396	0.385376	0.850132
0.0259726	0.374027	0.850084
-0.230795	0.197427	0.516363
-0.176089	0.2	0.516639
-0.230784	0.197429	0.549958
-0.176491	0.2	0.549995
-0.192484	0.207516	0.549985
-0.152169	0.18861	0.533244
-0.198918	0.222238	0.541517
-0.230726	0.197238	0.583325
-0.17649	0.2	0.583333
-0.230792	0.197413	0.616664
-0.176494	0.2	0.616667
-0.192488	0.207512	0.616667
-0.152243	0.188664	0.600001
-0.198955	0.222178	0.608336
-0.230726	0.197235	0.649999
-0.17649	0.2	0.65
-0.230766	0.197438	0.683333
-0.176494	0.2	0.683333
-0.192482	0.207518	0.683333
-0.152243	0.188666	0.666668
-0.198952	0.222181	0.675003
-0.230705	0.197256	0.716667
-0.17649	0.2	0.716668
-0.230792	0.197413	0.750001
-0.176494	0.2	0.75
-0.192488	0.207512	0.75
-0.152243	0.188666	0.733336
-0.198954	0.222178	0.74167
-0.230727	0.197235	0.783336
-0.17649	0.2	0.783333
-0.230792	0.197415	0.816676
-0.176494	0.2	0.816667
-0.192488	0.207512	0.816666
-0.152243	0.188664	0.800003
-0.198955	0.222179	0.808339
-0.230723	0.197252	0.850043
-0.176487	0.2	0.850005
-0.192464	0.207536	0.850015
-0.176094	0.2	0.883354
-0.192168	0.20785	0.883478
-0.152172	0.188609	0.866762
-0.225033	0.222339	0.866993
-0.0500961	0.189031	0.533215
-0.0500406	0.2	0.524815
2.61099e-07	0.188584	0.51626
-0.0250083	0.2	0.51639
0.0250082	0.2	0.51639
1.62418e-07	0.18909	0.549976
-0.0250111	0.2	0.549992
0.0500966	0.189031	0.533215
-0.0501035	0.189098	0.599999
-0.0500454	0.2	0.591667
-2.71867e-08	0.189103	0.583332
-0.0250113	0.2	0.583333
0.0250111	0.2	0.583333
8.48174e-08	0.189104	0.616666
-0.0250111	0.2	0.616667
0.0501035	0.189098	0.599999
-0.0501035	0.189099	0.666667
-0.0500454	0.2	0.658333
-5.44185e-08	0.189104	0.65
-0.0250113	0.2	0.65
0.0250111	0.2	0.65
7.31331e-08	0.189104	0.683333
-0.0250111	0.2	0.683333
0.0501035	0.189099	0.666667
-0.0501035	0.189099	0.733333
-0.0500454	0.2	0.725
-6.19833e-08	0.189104	0.716667
-0.0250113	0.2	0.716667
0.0250111	0.2	0.716667
6.82727e-08	0.189104	0.75
-0.0250111	0.2	0.75
0.0501035	0.189099	0.733333
-0.0501035	0.189098	0.800001
-0.0500454	0.2	0.791667
-6.41859e-08	0.189104	0.783334
-0.0250113	0.2	0.783333
0.0250111	0.2	0.783333
5.70487e-08	0.189103	0.816668
-0.0250111	0.2	0.816667
0.0501035	0.189098	0.800001
-0.0500966	0.189029	0.866785
-0.0500403	0.2	0.875182
-1.50425e-07	0.189089	0.850024
-0.0250113	0.2	0.850008
0.0250111	0.2	0.850008
-0.0250082	0.2	0.883605
0.0250081	0.2	0.883605
0.0500953	0.189029	0.866785
0.152172	0.18861	0.533238
0.151635	0.2	0.524869
0.230846	0.197531	0.516335
0.176095	0.2	0.51664
0.206617	0.185951	0.549979
0.192464	0.207536	0.549985
0.225034	0.222342	0.533008
0.152243	0.188664	0.599997
0.151767	0.2	0.591665
0.230792	0.197415	0.583324
0.176494	0.2	0.583333
0.206627	0.18596	0.616665
0.192468	0.207532	0.616667
0.225061	0.222152	0.599988
0.152243	0.188666	0.666664
0.151767	0.2	0.658331
0.230791	0.197413	0.649999
0.176494	0.2	0.65
0.206609	0.185978	0.683333
0.192461	0.207539	0.683333
0.225057	0.222152	0.666661
0.152243	0.188666	0.733332
0.151767	0.2	0.724998
0.230766	0.197438	0.716667
0.176494	0.2	0.716667
0.206626	0.185961	0.750001
0.192468	0.207532	0.75
0.225056	0.222152	0.73333
0.152243	0.188664	0.799999
0.151767	0.2	0.791665
0.230792	0.197413	0.783337
0.176494	0.2	0.783333
0.206626	0.185959	0.816671
0.192468	0.207532	0.816666
0.225061	0.222152	0.800003
0.152138	0.18861	0.86676
0.15162	0.2	0.875126
0.230784	0.197431	0.850046
0.176484	0.2	0.850006
0.192482	0.207518	0.850016
0.176087	0.2	0.883353
0.22502	0.222364	0.866988
0.0493365	0.451692	0.53271
-0.0258076	0.374192	0.53272
0.0492153	0.451338	0.599916
-0.0259958	0.374004	0.6
0.0492065	0.451292	0.666654
-0.0259958	0.374004	0.666667
0.0492064	0.451292	0.733348
-0.0259958	0.374004	0.733333
0.049215	0.451338	0.800086
-0.0259958	0.374004	0.8
0.0467648	0.38533	0.800004
0.0493356	0.45169	0.867295
-0.0258076	0.374192	0.86728
0.126446	0.17628	0.833348
-0.101277	0.2254	0.492245
-0.0756139	0.224857	0.500001
-0.15292	0.252814	0.489962
-0.149855	0.250461	0.50569
-0.102432	0.26485	0.483241
-0.0507595	0.250578	0.492631
-0.0509423	0.263419	0.500003
-0.102908	0.277924	0.491372
-0.0770494	0.277147	0.500039
-0.151266	0.248734	0.5583
-0.151275	0.248725	0.574999
-0.142838	0.257162	0.566659
-0.126245	0.273755	0.566658
-0.151275	0.248725	0.625
-0.151275	0.248725	0.641667
-0.142841	0.257159	0.633333
-0.126247	0.273753	0.633333
-0.151275	0.248725	0.691667
-0.151275	0.248725	0.708333
-0.142841	0.257159	0.7
-0.126247	0.273753	0.7
-0.151275	0.248725	0.758333
-0.151275	0.248725	0.775
-0.142841	0.257159	0.766667
-0.126247	0.273753	0.766667
-0.151275	0.248725	0.825001
-0.151266	0.248734	0.8417
-0.142838	0.257162	0.833341
-0.126245	0.273755	0.833342
-0.101277	0.225402	0.907757
-0.0756136	0.224871	0.899999
-0.152885	0.2414	0.899878
-0.152921	0.252803	0.910039
-0.102434	0.264844	0.916762
-0.0507598	0.25058	0.907371
-0.0509423	0.26342	0.899997
-0.102909	0.277922	0.908629
-0.0770494	0.277147	0.899961
0.101277	0.225397	0.492245
0.126878	0.2264	0.50003
0.0507588	0.250577	0.492631
0.102427	0.264841	0.48324
0.152921	0.252806	0.489962
0.149855	0.250461	0.50569
0.141387	0.258614	0.500321
0.102899	0.277915	0.491372
0.121581	0.277504	0.500029
0.151266	0.248734	0.5583
0.151275	0.248725	0.574999
0.142838	0.257162	0.566659
0.126245	0.273755	0.566658
0.151275	0.248725	0.625
0.151275	0.248725	0.641667
0.142841	0.257159	0.633333
0.126247	0.273753	0.633333
0.151275	0.248725	0.691667
0.151275	0.248725	0.708333
0.142841	0.257159	0.7
0.126247	0.273753	0.7
0.151275	0.248725	0.758333
0.151275	0.248725	0.775
0.142841	0.257159	0.766667
0.126247	0.273753	0.766667
0.151275	0.248725	0.825001
0.151266	0.248734	0.8417
0.142838	0.257162	0.833341
0.126245	0.273755	0.833342
0.101277	0.225402	0.907757
0.126878	0.226411	0.89997
0.0507584	0.250579	0.907371
0.102426	0.264837	0.916763
0.152885	0.2414	0.899878
0.15292	0.252802	0.910039
0.141387	0.258614	0.899679
0.102899	0.277914	0.908629
-0.0981977	0.324681	0.505321
-0.0975732	0.361356	0.514248
-0.0526605	0.353247	0.489906
-0.0498115	0.350489	0.505659
-0.0975728	0.322556	0.574989
-0.0974377	0.360081	0.583301
-0.0512319	0.348768	0.558298
-0.0512408	0.348759	0.574999
-0.097574	0.322551	0.641666
-0.0974355	0.360063	0.649998
-0.0512412	0.348759	0.625
-0.0512412	0.348759	0.641667
-0.0975739	0.322551	0.708333
-0.0974352	0.360062	0.716667
-0.0512412	0.348759	0.691667
-0.0512412	0.348759	0.708333
-0.0975741	0.322551	0.775001
-0.0974365	0.360066	0.783341
-0.0512412	0.348759	0.758333
-0.0512412	0.348759	0.775
-0.097558	0.322576	0.841744
-0.0973959	0.360205	0.850357
-0.0512408	0.348759	0.825001
-0.0512319	0.348768	0.841702
-0.0723621	0.372668	0.833403
0.124944	0.325599	0.497353
0.0526592	0.353243	0.489907
0.0498115	0.350489	0.505659
0.0984042	0.374761	0.505801
0.122503	0.322504	0.566589
0.051232	0.348768	0.558298
0.0512409	0.348759	0.574999
0.0974513	0.372801	0.574929
0.122508	0.322471	0.633331
0.0512413	0.348759	0.625
0.0512413	0.348759	0.641667
0.0974471	0.372764	0.641662
0.122507	0.322469	0.7
0.0512413	0.348759	0.691667
0.0512413	0.348759	0.708333
0.0974463	0.372762	0.708334
0.122508	0.322471	0.766669
0.0512413	0.348759	0.758333
0.0512413	0.348759	0.775
0.0974479	0.372767	0.775008
0.122503	0.322504	0.833411
0.0512409	0.348759	0.825001
0.051232	0.348768	0.841702
-0.151064	0.198278	0.489795
-0.150913	0.185376	0.498299
-0.202194	0.226155	0.489397
-0.251926	0.209777	0.566611
-0.152241	0.188662	0.56666
-0.198951	0.222188	0.558303
-0.100437	0.188551	0.516272
-0.125744	0.2	0.51643
-0.0751085	0.2	0.516393
-0.100571	0.189046	0.549976
-0.197723	0.259938	0.549676
-0.151181	0.248819	0.541319
-0.15078	0.249208	0.523247
-0.251925	0.209749	0.633325
-0.152244	0.188665	0.633331
-0.198955	0.222178	0.624996
-0.100582	0.189058	0.583332
-0.125972	0.2	0.583333
-0.0751485	0.2	0.583333
-0.100577	0.189059	0.616666
-0.197755	0.259805	0.61666
-0.151275	0.248725	0.608333
-0.151275	0.248725	0.591667
-0.251848	0.209823	0.699998
-0.152233	0.188677	0.699999
-0.198938	0.222195	0.691663
-0.100582	0.189059	0.65
-0.125972	0.2	0.65
-0.0751485	0.2	0.65
-0.100577	0.18906	0.683333
-0.197752	0.259803	0.683333
-0.151275	0.248725	0.675
-0.151275	0.248725	0.658333
-0.251926	0.209749	0.766669
-0.152244	0.188665	0.766665
-0.198955	0.222178	0.75833
-0.100582	0.18906	0.716667
-0.125972	0.2	0.716667
-0.0751485	0.2	0.716667
-0.100577	0.189059	0.75
-0.197754	0.259802	0.750002
-0.151275	0.248725	0.741667
-0.151275	0.248725	0.725
-0.251928	0.209775	0.833385
-0.152241	0.188661	0.833337
-0.198955	0.22218	0.825002
-0.100582	0.189059	0.783334
-0.125972	0.2	0.783333
-0.0751485	0.2	0.783333
-0.100577	0.189058	0.816668
-0.197757	0.259818	0.816696
-0.151275	0.248725	0.808333
-0.151275	0.248725	0.791667
-0.142841	0.257159	0.8
-0.151133	0.1982	0.910198
-0.202156	0.225836	0.910529
-0.100576	0.189046	0.850024
-0.12597	0.2	0.850008
-0.0751483	0.2	0.850008
-0.125734	0.2	0.883565
-0.172508	0.248435	0.885684
-0.15078	0.249208	0.876753
-0.151181	0.248819	0.858681
-0.0501176	0.197505	0.490303
-0.0500193	0.2	0.508483
0.0501195	0.197504	0.490303
0.0500593	0.185554	0.498414
3.05983e-07	0.224204	0.492393
0.0250976	0.224336	0.5
-0.050103	0.189095	0.566662
-0.050045	0.2	0.558332
-0.0500454	0.2	0.575
0.0501031	0.189095	0.566662
0.100434	0.188551	0.516271
0.0751071	0.2	0.516393
0.125734	0.2	0.516429
0.100577	0.189046	0.549976
-0.0501036	0.189099	0.633333
-0.050045	0.2	0.625
-0.0500454	0.2	0.641667
0.0501036	0.189099	0.633333
0.100577	0.189058	0.583332
0.0751467	0.2	0.583333
0.12596	0.2	0.583333
0.100582	0.189059	0.616666
-0.0501035	0.189099	0.7
-0.050045	0.2	0.691667
-0.0500454	0.2	0.708333
0.0501035	0.189099	0.7
0.100577	0.189059	0.65
0.0751467	0.2	0.65
0.12596	0.2	0.65
0.100582	0.18906	0.683333
-0.0501036	0.189099	0.766667
-0.050045	0.2	0.758333
-0.0500454	0.2	0.775
0.0501036	0.189099	0.766667
0.100577	0.18906	0.716667
0.0751467	0.2	0.716667
0.12596	0.2	0.716667
0.100582	0.189059	0.75
-0.0501031	0.189095	0.833338
-0.050045	0.2	0.825
-0.0500454	0.2	0.841668
0.0501029	0.189095	0.833338
0.100577	0.189059	0.783334
0.0751467	0.2	0.783333
0.12596	0.2	0.783333
0.100582	0.189058	0.816668
0.125972	0.2	0.816667
-0.0501241	0.19755	0.909728
-0.0501324	0.212017	0.9
0.0501239	0.19755	0.909728
0.0501324	0.212017	0.9
0.0250976	0.224351	0.9
0.100568	0.189046	0.850024
0.0751458	0.2	0.850008
0.125954	0.2	0.850009
0.0751064	0.2	0.883602
0.151078	0.198257	0.489797
0.150804	0.2	0.50861
0.226513	0.224557	0.498072
0.152241	0.188662	0.566663
0.151796	0.2	0.558332
0.225063	0.222167	0.566637
0.198955	0.22218	0.574998
0.15078	0.249208	0.523247
0.142607	0.257393	0.532427
0.152244	0.188665	0.633335
0.151796	0.2	0.625
0.225061	0.222149	0.633335
0.198955	0.222178	0.64167
0.151275	0.248725	0.591667
0.142841	0.257159	0.6
0.152233	0.188677	0.700001
0.151797	0.2	0.691665
0.225014	0.222193	0.700004
0.198938	0.222195	0.708337
0.151275	0.248725	0.658333
0.142841	0.257159	0.666667
0.152244	0.188665	0.766669
0.151796	0.2	0.758333
0.225061	0.222149	0.766674
0.198955	0.222178	0.775004
0.151275	0.248725	0.725
0.142841	0.257159	0.733333
0.15224	0.188661	0.833341
0.151796	0.2	0.825
0.225062	0.222168	0.833373
0.19895	0.222189	0.841697
0.151275	0.248725	0.791667
0.142841	0.257159	0.8
0.197758	0.259818	0.816696
0.151133	0.1982	0.910198
0.202156	0.225836	0.910529
0.171948	0.227946	0.899998
0.151181	0.248819	0.858681
0.142607	0.257394	0.867573
-0.147505	0.297458	0.574964
-0.122202	0.298653	0.51386
-0.122535	0.297613	0.549792
-0.0971628	0.323146	0.523093
-0.147506	0.297441	0.641665
-0.12258	0.297552	0.583327
-0.12258	0.29755	0.616666
-0.0975741	0.322553	0.591664
-0.147506	0.29744	0.708333
-0.12258	0.297549	0.65
-0.12258	0.297549	0.683333
-0.097574	0.322551	0.658333
-0.147506	0.297442	0.775003
-0.12258	0.297549	0.716667
-0.12258	0.297549	0.75
-0.097574	0.322551	0.725
-0.147487	0.297498	0.841816
-0.12258	0.29755	0.783334
-0.12258	0.297552	0.816673
-0.0975741	0.322552	0.791668
-0.149931	0.287863	0.902776
-0.122536	0.297613	0.850208
-0.122333	0.322892	0.867838
-0.102794	0.290396	0.917619
-1.53844e-06	0.275761	0.492672
0.0255565	0.275767	0.500001
-0.0520803	0.302409	0.492225
0.0520604	0.30239	0.492227
0.0521974	0.315338	0.500097
-2.11511e-06	0.327645	0.492425
0.0264864	0.327661	0.500051
-0.0265344	0.353458	0.48255
0.122206	0.298653	0.51387
0.0919843	0.308027	0.513689
0.122536	0.297614	0.549793
0.122336	0.322895	0.532167
-0.0507324	0.349256	0.523186
-0.0425709	0.357429	0.532453
-0.051143	0.348857	0.541303
0.0511432	0.348857	0.541303
0.0507326	0.349255	0.523186
0.0425712	0.357429	0.532453
0.12258	0.297553	0.583327
0.092834	0.307166	0.583333
0.12258	0.29755	0.616666
0.122509	0.322475	0.599991
-0.0512412	0.348759	0.591667
-0.0427991	0.357201	0.6
-0.0512412	0.348759	0.608333
0.0512413	0.348759	0.608333
0.0512413	0.348759	0.591667
0.0427992	0.357201	0.6
0.12258	0.297549	0.65
0.0928341	0.307166	0.65
0.12258	0.297549	0.683333
0.122507	0.32247	0.666666
-0.0512412	0.348759	0.658333
-0.0427991	0.357201	0.666667
-0.0512412	0.348759	0.675
0.0512413	0.348759	0.675
0.0512413	0.348759	0.658333
0.0427992	0.357201	0.666667
0.12258	0.297549	0.716667
0.0928341	0.307166	0.716667
0.12258	0.297549	0.75
0.122507	0.32247	0.733334
-0.0512412	0.348759	0.725
-0.0427991	0.357201	0.733333
-0.0512412	0.348759	0.741667
0.0512413	0.348759	0.741667
0.0512413	0.348759	0.725
0.0427992	0.357201	0.733333
0.12258	0.29755	0.783334
0.0928341	0.307166	0.783333
0.12258	0.297553	0.816673
0.122509	0.322475	0.800009
-0.0512412	0.348759	0.791667
-0.0427991	0.357201	0.8
-0.0512412	0.348759	0.808333
0.0512413	0.348759	0.808333
0.0512413	0.348759	0.791667
0.0427992	0.357201	0.8
-1.76203e-06	0.275761	0.907328
-0.0520805	0.302408	0.907776
0.0520602	0.302389	0.907773
0.0516441	0.289307	0.899981
0.122536	0.297614	0.850207
0.122206	0.298652	0.88613
0.0974608	0.322694	0.85882
-0.0425709	0.357429	0.867547
-0.051143	0.348857	0.858697
0.0425712	0.357429	0.867547
-0.097396	0.373011	0.859008
-0.0216142	0.377406	0.500035
0.0496308	0.388163	0.497389
-0.0259942	0.374006	0.566661
0.0973988	0.373049	0.540995
-0.0259958	0.374004	0.633333
0.0974492	0.372771	0.608319
-0.0259958	0.374004	0.7
0.0974464	0.372762	0.674999
-0.0259958	0.374004	0.766667
0.0974467	0.372763	0.741669
-0.0259942	0.374006	0.833339
-0.177886	0.213601	0.481492
-0.176488	0.2	0.541658
-0.192472	0.207529	0.541627
-0.176719	0.223282	0.541509
-0.176498	0.2	0.608338
-0.192489	0.207511	0.60834
-0.176763	0.223237	0.608334
-0.176498	0.2	0.675005
-0.192487	0.207513	0.675006
-0.176761	0.223239	0.675001
-0.176498	0.2	0.741672
-0.192489	0.207511	0.741673
-0.176763	0.223237	0.741667
-0.176498	0.2	0.808338
-0.192489	0.207511	0.80834
-0.176763	0.223237	0.808334
-0.176374	0.2	0.875065
-0.192353	0.207658	0.875205
0.0251407	0.211183	0.483247
0.0250112	0.2	0.541638
0.0250113	0.2	0.608333
0.0250113	0.2	0.675
0.0250113	0.2	0.741667
0.0250113	0.2	0.808333
0.22705	0.211586	0.4978
0.225067	0.222225	0.541487
0.225085	0.22213	0.608329
0.225076	0.222135	0.675
0.225082	0.22213	0.741668
0.225085	0.222133	0.808343
0.249662	0.24857	0.884761
0.0261769	0.314953	0.483779
0.0971923	0.323654	0.886137
0.0503504	0.349646	0.886199
-0.178804	0.187632	0.533267
1.6071e-07	0.188931	0.524768
-0.178874	0.187677	0.600003
1.59302e-07	0.189077	0.541612
-1.83591e-08	0.189104	0.591666
-0.178873	0.187679	0.666671
6.57009e-08	0.189105	0.608333
-3.73687e-08	0.189105	0.658333
-0.178874	0.187678	0.733338
5.29127e-08	0.189105	0.675
-4.3626e-08	0.189105	0.725
-0.178874	0.187677	0.800006
4.77224e-08	0.189105	0.741667
-4.60217e-08	0.189105	0.791667
-0.152229	0.188667	0.808336
4.16625e-08	0.189104	0.808334
-1.66612e-07	0.189076	0.858388
0.025032	0.189038	0.533215
0.178809	0.187632	0.533255
0.0250344	0.189104	0.599999
0.0501012	0.1891	0.591666
0.178875	0.187677	0.599994
0.0250344	0.189104	0.666667
0.0501013	0.1891	0.658333
0.178874	0.187678	0.666662
0.0250344	0.189104	0.733333
0.0501013	0.1891	0.725
0.178873	0.187679	0.733329
0.0250344	0.189104	0.800001
0.0501013	0.1891	0.791667
0.178875	0.187677	0.799997
0.0501017	0.1891	0.808334
0.050097	0.189071	0.858388
0.178885	0.187692	0.816669
-0.226125	0.209669	0.533155
-0.22616	0.20955	0.600004
-0.226156	0.209552	0.666674
-0.226157	0.209551	0.733342
-0.22616	0.20955	0.800013
-0.225075	0.222159	0.808346
-0.151713	0.276665	0.46542
-0.127905	0.252763	0.491344
-0.174991	0.262792	0.497326
-0.0258257	0.289043	0.484103
-0.147393	0.284818	0.591662
-0.147393	0.284816	0.658333
-0.147393	0.284815	0.725
-0.147393	0.284816	0.791668
-0.177903	0.213407	0.918482
-0.127906	0.252759	0.908657
-0.174992	0.262782	0.902674
0.177911	0.213491	0.48151
0.192352	0.207658	0.524795
0.103641	0.291188	0.490381
0.174992	0.262784	0.497327
0.147029	0.285439	0.523093
0.176726	0.223275	0.541508
0.192489	0.207511	0.59166
0.147393	0.284818	0.591662
0.176769	0.223231	0.608333
0.192489	0.207511	0.658327
0.147393	0.284816	0.658333
0.176767	0.223233	0.675
0.192487	0.207513	0.724994
0.147393	0.284816	0.725
0.176769	0.223231	0.741667
0.192489	0.207511	0.79166
0.147393	0.284817	0.791668
0.176769	0.223231	0.808333
0.192467	0.207535	0.858379
0.0251377	0.211201	0.916779
0.176358	0.2	0.87506
0.10364	0.291187	0.90962
0.174991	0.262781	0.902674
-0.074678	0.362815	0.497078
-0.0165683	0.383433	0.50008
-0.027867	0.366391	0.500126
-0.0225446	0.400279	0.524484
-0.0465399	0.385628	0.523985
-0.0226083	0.400107	0.54152
-0.0466508	0.385317	0.541376
-0.0175958	0.382404	0.549944
-0.0226409	0.400055	0.591664
-0.0467163	0.385219	0.591662
-0.0226408	0.400054	0.608332
-0.0467162	0.385217	0.608331
-0.0176133	0.382387	0.616667
-0.0226406	0.400053	0.658333
-0.046716	0.385216	0.658333
-0.0226406	0.400053	0.675
-0.046716	0.385216	0.675
-0.0176133	0.382387	0.683333
-0.0226406	0.400053	0.725
-0.046716	0.385216	0.725
-0.0226406	0.400053	0.741667
-0.046716	0.385216	0.741667
-0.0176133	0.382387	0.75
-0.0226408	0.400054	0.791668
-0.0467162	0.385217	0.791669
-0.0226409	0.400055	0.808336
-0.0467163	0.385219	0.808338
-0.0176132	0.382387	0.816666
-0.0226083	0.400107	0.85848
-0.0466508	0.385317	0.858624
0.0746783	0.362818	0.49708
0.0165615	0.383439	0.500078
0.027867	0.366391	0.500126
0.022653	0.400698	0.524498
0.025603	0.374399	0.523719
0.147473	0.309924	0.591649
0.025921	0.374079	0.54142
0.0466947	0.385437	0.541379
0.0227223	0.40048	0.591662
0.0259952	0.374005	0.591667
0.147471	0.309914	0.658332
0.0259952	0.374005	0.608333
0.0467567	0.38534	0.608331
0.0227219	0.400477	0.658333
0.0259952	0.374005	0.658333
0.147471	0.309913	0.725001
0.0259952	0.374005	0.675
0.0467564	0.385338	0.675
0.0227219	0.400477	0.725
0.0259952	0.374005	0.725
0.147473	0.309918	0.791675
0.0259952	0.374005	0.741667
0.0467565	0.385338	0.741667
0.0227222	0.400479	0.79167
0.0259952	0.374005	0.791667
0.147383	0.310178	0.859029
0.0259952	0.374005	0.808333
0.0467569	0.385341	0.808338
0.0226977	0.400536	0.858483
0.025921	0.374079	0.85858
-0.100662	0.175621	0.88382
-0.175193	0.2	0.891179
-0.125878	0.2	0.875163
-0.0752367	0.189024	0.866783
-0.0751317	0.2	0.875181
-0.0250048	0.2	0.891524
0.100658	0.17562	0.88382
0.0250047	0.2	0.891524
0.0751303	0.2	0.875181
0.126124	0.188917	0.866772
0.125869	0.2	0.875162
0.175191	0.2	0.891178
-0.249661	0.248564	0.884763
-0.127407	0.239413	0.483072
-0.178009	0.227439	0.489686
-0.12651	0.212491	0.482756
-0.100801	0.211775	0.491608
-0.166387	0.233614	0.500265
-0.176759	0.223241	0.558318
-0.176498	0.2	0.558327
-0.192489	0.207511	0.558324
-0.125954	0.2	0.541641
-0.19797	0.234653	0.541359
-0.172677	0.247522	0.541271
-0.198026	0.23457	0.558276
-0.172754	0.247424	0.55827
-0.176763	0.223237	0.624999
-0.176498	0.2	0.624995
-0.192489	0.207511	0.624994
-0.125962	0.2	0.608334
-0.198036	0.23455	0.608333
-0.172766	0.247403	0.608332
-0.198035	0.23455	0.624998
-0.172766	0.247402	0.624999
-0.176756	0.223244	0.691666
-0.176499	0.2	0.691663
-0.192469	0.207531	0.691659
-0.125962	0.2	0.675001
-0.198033	0.234551	0.675001
-0.172765	0.247403	0.675
-0.198028	0.234557	0.691665
-0.172764	0.247404	0.691667
-0.176763	0.223237	0.758333
-0.176498	0.2	0.758328
-0.192489	0.207511	0.758327
-0.125962	0.2	0.741667
-0.198035	0.23455	0.741668
-0.172766	0.247402	0.741667
-0.198035	0.234549	0.758333
-0.172766	0.247402	0.758334
-0.176763	0.223237	0.825
-0.176498	0.2	0.824995
-0.19249	0.20751	0.824993
-0.125962	0.2	0.808334
-0.198036	0.234551	0.808338
-0.172766	0.247404	0.808336
-0.198035	0.234555	0.82501
-0.172765	0.247407	0.82501
-0.156071	0.243915	0.898748
-0.127272	0.239898	0.899908
-0.17557	0.224572	0.892096
-0.180208	0.21976	0.9
-0.167437	0.232624	0.885515
-0.172445	0.247924	0.876565
-0.126183	0.213301	0.899991
0.0761346	0.238091	0.483931
4.58619e-07	0.211014	0.491701
0.0252812	0.237368	0.484099
4.93426e-08	0.23722	0.492616
0.0253206	0.250225	0.492668
0.0250113	0.2	0.558332
0.0751471	0.2	0.541638
0.0751484	0.2	0.558332
0.0250113	0.2	0.625
0.0751484	0.2	0.608333
0.0751484	0.2	0.625
0.0250113	0.2	0.691667
0.0751484	0.2	0.675
0.0751484	0.2	0.691667
0.0250113	0.2	0.758333
0.0751484	0.2	0.741667
0.0751484	0.2	0.758333
0.0250113	0.2	0.825
0.0751484	0.2	0.808333
0.0751484	0.2	0.825
0.075942	0.238035	0.899997
0.0250454	0.211931	0.9
0.0753115	0.212212	0.899999
0.225084	0.222157	0.558278
0.225084	0.222129	0.624997
0.225053	0.222158	0.691665
0.225084	0.222128	0.758335
0.225086	0.222139	0.82502
-0.122191	0.310198	0.532227
-0.122398	0.309861	0.566616
-0.122404	0.309843	0.599995
-0.122403	0.309841	0.633332
-0.122403	0.30984	0.666666
-0.122403	0.30984	0.7
-0.122403	0.30984	0.733334
-0.122403	0.309841	0.766668
-0.122404	0.309843	0.800005
-0.122398	0.309861	0.833384
-0.101839	0.327338	0.918312
-0.0513378	0.327699	0.899846
-0.0503502	0.349646	0.886199
0.053437	0.34139	0.490342
-3.27422e-06	0.314594	0.492556
0.0778767	0.303018	0.491377
-1.80786e-07	0.340716	0.49221
0.0266397	0.340726	0.500116
0.0762374	0.323763	0.558297
0.0678006	0.332199	0.549872
0.0725495	0.347597	0.558256
0.0761477	0.323852	0.541299
0.0927362	0.307264	0.541292
0.0928238	0.307176	0.558297
0.0724539	0.347714	0.541185
0.0762469	0.323753	0.625
0.0678348	0.332165	0.616667
0.0725648	0.347572	0.624999
0.0762469	0.323753	0.608333
0.0928341	0.307166	0.608333
0.0928341	0.307166	0.625
0.0725649	0.347573	0.608332
0.0762469	0.323753	0.691667
0.0678348	0.332165	0.683333
0.0725646	0.347572	0.691667
0.0762469	0.323753	0.675
0.0928341	0.307166	0.675
0.0928341	0.307166	0.691667
0.0725646	0.347572	0.675
0.0762469	0.323753	0.758333
0.0678348	0.332165	0.75
0.0725647	0.347572	0.758334
0.0762469	0.323753	0.741667
0.0928341	0.307166	0.741667
0.0928341	0.307166	0.758333
0.0725647	0.347572	0.741667
0.0762465	0.323754	0.825001
0.0678347	0.332165	0.816667
0.0725638	0.347577	0.825012
0.0762469	0.323753	0.808333
0.0928341	0.307166	0.808333
0.0928335	0.307167	0.825001
-0.151448	0.187271	0.507681
-0.126139	0.188918	0.533229
-0.100326	0.187532	0.507649
-0.075236	0.189025	0.533217
3.99507e-07	0.187558	0.507641
-0.0250048	0.2	0.508472
-0.152257	0.188666	0.574997
-0.126193	0.188977	0.6
-0.100578	0.18906	0.574998
-0.0752478	0.189078	0.549977
1.12114e-07	0.189098	0.558323
-0.0752514	0.189087	0.566662
-0.0752521	0.18909	0.6
-7.01446e-09	0.189103	0.574998
-0.0250113	0.2	0.575
-0.152259	0.188668	0.641666
-0.126193	0.188978	0.666667
-0.100579	0.189062	0.641666
-0.0752511	0.18909	0.616666
6.0917e-08	0.189105	0.625
-0.0752522	0.18909	0.633333
-0.0752522	0.18909	0.666667
-3.79152e-08	0.189105	0.641667
-0.0250113	0.2	0.641667
-0.152252	0.188675	0.708334
-0.126193	0.188978	0.733334
-0.100578	0.189062	0.708333
-0.075251	0.189091	0.683333
5.22645e-08	0.189105	0.691667
-0.075252	0.18909	0.7
-0.0752522	0.18909	0.733334
-4.5106e-08	0.189105	0.708333
-0.0250113	0.2	0.708333
-0.152259	0.188668	0.775
-0.126193	0.188977	0.800002
-0.100579	0.189062	0.775
-0.0752511	0.18909	0.75
4.88811e-08	0.189105	0.758334
-0.0752523	0.18909	0.766667
-0.0752521	0.189089	0.800001
-4.72661e-08	0.189105	0.775
-0.0250113	0.2	0.775
-0.152254	0.188662	0.841676
-0.100566	0.189034	0.858386
-0.100576	0.189055	0.841677
-0.0752509	0.189089	0.816668
3.07502e-08	0.189103	0.825002
-0.0752515	0.189086	0.833338
-0.07525	0.189077	0.850023
-9.98453e-08	0.189098	0.841677
-0.0250113	0.2	0.841668
0.0500644	0.187555	0.507641
0.0752366	0.189025	0.533217
0.100325	0.187531	0.507648
0.126141	0.188918	0.533226
0.151433	0.187268	0.507676
0.175198	0.2	0.508811
0.0501011	0.189098	0.574998
0.0752522	0.18909	0.599999
0.100574	0.18906	0.574998
0.12619	0.188967	0.549978
0.178873	0.187675	0.566665
0.126192	0.188975	0.566663
0.126194	0.188977	0.599998
0.152228	0.188666	0.574999
0.176498	0.2	0.575005
0.0501013	0.1891	0.641667
0.0752522	0.18909	0.666666
0.100575	0.189062	0.641667
0.126198	0.188978	0.616666
0.178875	0.187677	0.633337
0.126194	0.188978	0.633334
0.126193	0.188978	0.666666
0.152229	0.188668	0.641668
0.176498	0.2	0.641672
0.0501012	0.189101	0.708333
0.0752522	0.18909	0.733333
0.100574	0.189062	0.708334
0.126197	0.18898	0.683333
0.178817	0.187736	0.700003
0.126191	0.188981	0.7
0.126193	0.188978	0.733333
0.152222	0.188675	0.708335
0.176499	0.2	0.708337
0.0501013	0.1891	0.775
0.0752521	0.189089	0.800001
0.100575	0.189061	0.775001
0.126198	0.188978	0.75
0.178875	0.187677	0.766671
0.126194	0.188978	0.766668
0.126193	0.188977	0.8
0.152229	0.188668	0.775002
0.176498	0.2	0.775005
0.0501001	0.189093	0.841677
0.100556	0.189034	0.858386
0.100571	0.189055	0.841677
0.126198	0.188977	0.816668
0.178871	0.187674	0.833344
0.126191	0.188974	0.833339
0.126172	0.188966	0.850023
0.152221	0.188663	0.841679
0.176495	0.2	0.841673
-0.22568	0.223558	0.507198
-0.225085	0.222139	0.574981
-0.225084	0.222128	0.641665
-0.225053	0.222158	0.708335
-0.225084	0.222129	0.775003
-0.225083	0.222156	0.841723
-0.198032	0.234566	0.841724
-0.156071	0.243915	0.501252
-0.175573	0.22457	0.507908
-0.0505399	0.237567	0.492594
-0.0251426	0.224246	0.492395
-0.0252806	0.237369	0.484099
-0.0753118	0.212183	0.500001
-0.0253212	0.250225	0.492668
-0.141438	0.258667	0.505665
-0.172336	0.260906	0.514115
-0.147954	0.286852	0.505225
-0.125735	0.274254	0.523173
-0.11699	0.283026	0.513703
-0.122171	0.298145	0.523097
-0.0771998	0.277229	0.492236
-0.051727	0.289444	0.492452
-0.0260431	0.301801	0.492556
-7.3485e-07	0.26294	0.492685
-0.0779211	0.303059	0.491367
-0.176769	0.223231	0.575
-0.172766	0.247405	0.57499
-0.142831	0.257169	0.558298
-0.172482	0.25985	0.549768
-0.147375	0.284847	0.558239
-0.126148	0.273852	0.5413
-0.172519	0.259789	0.566622
-0.117831	0.282169	0.566659
-0.142841	0.257159	0.574999
-0.172525	0.259776	0.583322
-0.147392	0.284822	0.574984
-0.126247	0.273753	0.591667
-0.117834	0.282166	0.583333
-0.122577	0.297554	0.574988
-0.176769	0.223231	0.641667
-0.172767	0.247401	0.641666
-0.142841	0.257159	0.625
-0.172524	0.259771	0.616665
-0.147393	0.284816	0.624999
-0.126247	0.273753	0.608333
-0.172524	0.25977	0.633332
-0.117834	0.282166	0.633333
-0.142841	0.257159	0.641667
-0.172524	0.25977	0.649999
-0.147393	0.284816	0.641666
-0.126247	0.273753	0.658333
-0.117834	0.282166	0.65
-0.122578	0.297549	0.641666
-0.176762	0.223238	0.708334
-0.172765	0.247403	0.708333
-0.142841	0.257159	0.691667
-0.172523	0.259771	0.683333
-0.147393	0.284815	0.691667
-0.126247	0.273753	0.675
-0.172523	0.259771	0.7
-0.117834	0.282166	0.7
-0.142841	0.257159	0.708333
-0.172523	0.25977	0.716667
-0.147393	0.284815	0.708333
-0.126247	0.273753	0.725
-0.117834	0.282166	0.716667
-0.122578	0.297549	0.708333
-0.176769	0.223231	0.775
-0.172767	0.247401	0.775001
-0.142841	0.257159	0.758333
-0.172523	0.25977	0.750001
-0.147393	0.284816	0.758334
-0.126247	0.273753	0.741667
-0.172524	0.25977	0.766668
-0.117834	0.282166	0.766667
-0.142841	0.257159	0.775
-0.172524	0.259771	0.783336
-0.147393	0.284816	0.775001
-0.126247	0.273753	0.791667
-0.117834	0.282166	0.783333
-0.122578	0.297549	0.775001
-0.176765	0.223235	0.841681
-0.172755	0.247422	0.84173
-0.14284	0.25716	0.825001
-0.172524	0.259776	0.816678
-0.147392	0.284822	0.825016
-0.126247	0.273753	0.808333
-0.17252	0.259789	0.833378
-0.117831	0.282169	0.833341
-0.142831	0.257169	0.841702
-0.172483	0.259849	0.850232
-0.147375	0.284847	0.841761
-0.126148	0.273852	0.8587
-0.1178	0.2822	0.850128
-0.100804	0.211779	0.908396
-0.0759423	0.238035	0.899997
-0.0250454	0.211931	0.9
-0.0753115	0.212212	0.899999
-1.8826e-07	0.237226	0.907386
-0.141438	0.258667	0.894335
-0.172337	0.260904	0.885885
-0.147955	0.286851	0.894775
-0.125735	0.274254	0.876827
-0.11699	0.283026	0.886297
-0.106041	0.293947	0.898854
-0.0766981	0.26419	0.899982
-0.0257797	0.288647	0.899996
-0.0253896	0.26296	0.9
0.15368	0.24093	0.490273
0.178006	0.227378	0.489701
0.180206	0.219762	0.5
0.126182	0.213276	0.500009
0.166387	0.233614	0.500265
0.156071	0.243915	0.501252
0.17557	0.224572	0.507904
0.191751	0.208268	0.508833
0.172446	0.247924	0.523435
0.0771916	0.277221	0.492236
0.0517154	0.289434	0.492452
0.077388	0.290057	0.483278
0.0253884	0.262958	0.5
0.0773023	0.290209	0.500093
0.106043	0.293944	0.501146
0.141438	0.258667	0.505665
0.124821	0.275471	0.505638
0.172335	0.260103	0.53233
0.125735	0.274253	0.523174
0.116992	0.283026	0.513706
0.123167	0.299637	0.505334
0.176765	0.223235	0.558319
0.172678	0.24752	0.541271
0.172755	0.247423	0.55827
0.176763	0.223237	0.575
0.19249	0.20751	0.575007
0.172766	0.247404	0.591664
0.198035	0.234555	0.57499
0.142831	0.257169	0.558298
0.126237	0.273763	0.558297
0.172483	0.259849	0.549768
0.126148	0.273852	0.5413
0.17252	0.259789	0.566622
0.122562	0.297575	0.558254
0.14284	0.25716	0.574999
0.126246	0.273754	0.574999
0.172525	0.259773	0.599996
0.126247	0.273753	0.591667
0.117834	0.282166	0.583333
0.122577	0.297554	0.574988
0.176769	0.223231	0.625
0.172767	0.247402	0.608332
0.172767	0.247401	0.624999
0.176763	0.223237	0.641667
0.192489	0.207511	0.641673
0.172766	0.247402	0.658333
0.198035	0.23455	0.641667
0.142841	0.257159	0.625
0.126247	0.273753	0.625
0.172524	0.259771	0.616664
0.126247	0.273753	0.608333
0.172524	0.259771	0.633332
0.122578	0.297549	0.624999
0.142841	0.257159	0.641667
0.126247	0.273753	0.641667
0.172524	0.25977	0.666666
0.126247	0.273753	0.658333
0.117834	0.282166	0.65
0.122578	0.297549	0.641666
0.176762	0.223238	0.691666
0.172766	0.247401	0.675
0.172765	0.247403	0.691667
0.176756	0.223244	0.708334
0.192469	0.207531	0.708341
0.172765	0.247403	0.725
0.198028	0.234557	0.708335
0.142841	0.257159	0.691667
0.126247	0.273753	0.691667
0.172523	0.25977	0.683333
0.126247	0.273753	0.675
0.172523	0.259771	0.7
0.122578	0.297549	0.691667
0.142841	0.257159	0.708333
0.126247	0.273753	0.708333
0.172524	0.25977	0.733334
0.126247	0.273753	0.725
0.117834	0.282166	0.716667
0.122578	0.297549	0.708333
0.176769	0.223231	0.758333
0.172767	0.247401	0.741667
0.172767	0.247401	0.758334
0.176763	0.223237	0.775001
0.192489	0.207511	0.775006
0.172766	0.247403	0.791668
0.198035	0.23455	0.775002
0.142841	0.257159	0.758333
0.126247	0.273753	0.758333
0.172524	0.25977	0.750001
0.126247	0.273753	0.741667
0.172524	0.259771	0.766668
0.122578	0.297549	0.758334
0.142841	0.257159	0.775
0.126247	0.273753	0.775
0.172525	0.259773	0.800004
0.126247	0.273753	0.791667
0.117834	0.282166	0.783333
0.122578	0.297549	0.775001
0.176769	0.223231	0.825
0.172767	0.247402	0.808336
0.172766	0.247406	0.82501
0.176758	0.223242	0.841682
0.192488	0.207512	0.841676
0.172676	0.247523	0.858729
0.198025	0.234571	0.841725
0.142841	0.257159	0.825001
0.126246	0.273754	0.825001
0.172525	0.259776	0.816678
0.126247	0.273753	0.808333
0.17252	0.259789	0.833378
0.122577	0.297554	0.825012
0.142831	0.257169	0.841702
0.126237	0.273763	0.841703
0.172334	0.260103	0.86767
0.126148	0.273852	0.8587
0.1178	0.2822	0.850128
0.0253203	0.250227	0.907333
0.156071	0.243915	0.898748
0.127272	0.239898	0.899908
0.175569	0.224572	0.892095
0.180208	0.21976	0.9
0.172444	0.247925	0.876565
0.126183	0.213301	0.899991
0.178003	0.227364	0.910295
0.0766964	0.264188	0.899982
0.0257746	0.288643	0.899996
0.0253884	0.262959	0.9
0.0773023	0.290209	0.899907
0.0773874	0.290055	0.916724
0.141438	0.258667	0.894335
0.124821	0.275471	0.894362
0.172336	0.260905	0.885885
0.125735	0.274253	0.876826
-0.122283	0.323211	0.523097
-0.0923461	0.307653	0.523114
-0.0534441	0.341398	0.490341
-0.02655	0.327836	0.492198
-0.0265094	0.340789	0.483077
-0.0779403	0.316521	0.500116
-0.0266403	0.340727	0.500116
-0.074816	0.325478	0.505642
-0.0669905	0.333026	0.513702
-0.0731675	0.349661	0.505346
-0.0721633	0.348159	0.52312
-0.0721396	0.361046	0.513993
-0.0732109	0.374616	0.505607
-0.0721762	0.373299	0.523318
-0.122506	0.322471	0.591654
-0.0928341	0.307166	0.591667
-0.09738	0.334835	0.591662
-0.0762374	0.323763	0.558297
-0.0678005	0.332199	0.549872
-0.0725492	0.347595	0.558256
-0.0724535	0.347712	0.541184
-0.0762465	0.323754	0.574999
-0.0725636	0.347575	0.574988
-0.0725648	0.347571	0.591663
-0.0723072	0.359997	0.549757
-0.0723472	0.359934	0.566619
-0.0722678	0.372819	0.541109
-0.0467062	0.385238	0.558278
-0.0723525	0.359921	0.583321
-0.0723583	0.372635	0.574965
-0.0723599	0.372625	0.591654
-0.122505	0.322464	0.658333
-0.0928341	0.307166	0.658333
-0.0973797	0.334833	0.658333
-0.0762469	0.323753	0.625
-0.0678348	0.332165	0.616667
-0.0725647	0.34757	0.624999
-0.0725648	0.34757	0.608332
-0.0762469	0.323753	0.641667
-0.0725646	0.347569	0.641666
-0.0725646	0.347569	0.658333
-0.0723525	0.359916	0.616664
-0.0723524	0.359915	0.633332
-0.0723596	0.372622	0.608327
-0.0467161	0.385217	0.624999
-0.0723522	0.359915	0.649999
-0.0723589	0.372619	0.641665
-0.0723588	0.372618	0.658332
-0.122505	0.322464	0.725
-0.0928341	0.307166	0.725
-0.0973797	0.334832	0.725
-0.0762469	0.323753	0.691667
-0.0678348	0.332165	0.683333
-0.0725646	0.347569	0.691667
-0.0725646	0.347569	0.675
-0.0762469	0.323753	0.708333
-0.0725646	0.347569	0.708333
-0.0725646	0.347569	0.725
-0.0723521	0.359914	0.683333
-0.0723522	0.359914	0.7
-0.0723587	0.372618	0.674999
-0.046716	0.385216	0.691667
-0.0723521	0.359914	0.716667
-0.0723586	0.372618	0.708334
-0.0723587	0.372618	0.725001
-0.122506	0.322467	0.791672
-0.0928341	0.307166	0.791667
-0.09738	0.334834	0.791669
-0.0762469	0.323753	0.758333
-0.0678348	0.332165	0.75
-0.0725646	0.347569	0.758334
-0.0725646	0.347569	0.741667
-0.0762469	0.323753	0.775
-0.0725647	0.34757	0.775001
-0.0725648	0.34757	0.791668
-0.0723522	0.359915	0.750001
-0.0723525	0.359915	0.766668
-0.0723588	0.372618	0.741668
-0.0467161	0.385216	0.758334
-0.0723525	0.359916	0.783336
-0.0723592	0.37262	0.775003
-0.0723596	0.372622	0.791673
-0.1224	0.322688	0.858973
-0.0927361	0.307264	0.858709
-0.0972637	0.334991	0.858861
-0.0762465	0.323754	0.825001
-0.0678347	0.332165	0.816667
-0.0725636	0.347575	0.825012
-0.0725649	0.347571	0.808337
-0.0762374	0.323763	0.841703
-0.0725492	0.347595	0.841744
-0.0723526	0.359921	0.816679
-0.0723472	0.359934	0.833381
-0.07236	0.372625	0.808346
-0.0467156	0.385222	0.825012
-0.0723072	0.359997	0.850243
-0.0723422	0.372673	0.841803
-0.0722679	0.372819	0.858891
-0.0467062	0.385238	0.841722
0.0748215	0.325471	0.505639
0.0560408	0.343947	0.501146
0.0731666	0.34966	0.505346
0.0757324	0.324256	0.523165
0.0923465	0.307652	0.523119
0.148429	0.312049	0.505536
0.0732167	0.374629	0.50561
0.0423325	0.357666	0.523187
0.0721514	0.360262	0.532287
0.0762465	0.323754	0.574999
0.0725638	0.347577	0.574988
0.0762469	0.323753	0.591667
0.0928341	0.307166	0.591667
0.147471	0.309939	0.574948
0.0723479	0.359943	0.56662
0.0427058	0.357294	0.54131
0.0467475	0.38536	0.558278
0.0722719	0.37284	0.54111
0.0723611	0.372658	0.574966
0.0427992	0.357201	0.591667
0.0723534	0.359926	0.599995
0.0762469	0.323753	0.641667
0.0725647	0.347572	0.641666
0.0762469	0.323753	0.658333
0.0928341	0.307166	0.658333
0.147472	0.309914	0.641664
0.0723528	0.359924	0.633332
0.0427992	0.357201	0.608333
0.0467566	0.385339	0.624999
0.0723621	0.372644	0.608328
0.0723613	0.372642	0.641665
0.0427992	0.357201	0.658333
0.0723526	0.359924	0.666666
0.0762469	0.323753	0.708333
0.0725646	0.347572	0.708333
0.0762469	0.323753	0.725
0.0928341	0.307166	0.725
0.147471	0.309913	0.708334
0.0723526	0.359923	0.7
0.0427992	0.357201	0.675
0.0467564	0.385338	0.691667
0.0723611	0.372641	0.675
0.072361	0.372641	0.708334
0.0427992	0.357201	0.725
0.0723526	0.359924	0.733334
0.0762469	0.323753	0.775
0.0725648	0.347572	0.775001
0.0762469	0.323753	0.791667
0.0928341	0.307166	0.791667
0.147472	0.309916	0.775004
0.0723528	0.359924	0.766668
0.0427992	0.357201	0.741667
0.0467565	0.385339	0.758334
0.0723611	0.372641	0.741668
0.0723616	0.372643	0.775003
0.0427992	0.357201	0.791667
0.0723533	0.359926	0.800005
0.0762374	0.323763	0.841703
0.0725495	0.347597	0.841744
0.0761477	0.323852	0.858701
0.0927362	0.307264	0.858708
0.147453	0.309992	0.841858
0.0723479	0.359943	0.83338
0.0427992	0.357201	0.808333
0.0467562	0.385344	0.825012
0.0723625	0.372648	0.808345
0.0723453	0.372694	0.841802
0.0427058	0.357294	0.85869
-0.14831	0.374402	0.88508
0.150959	0.326491	0.918588
-0.122989	0.31188	0.894776
0.0810432	0.318944	0.898854
0.0673489	0.33265	0.876876
-0.226549	0.210558	0.892486
-0.0810106	0.318976	0.898851
-0.0673485	0.332651	0.876877
-0.0729592	0.361911	0.894713
-0.0167696	0.383371	0.891799
0.0729599	0.361915	0.894711
0.0167721	0.383352	0.891783
3.27773e-05	0.427573	0.464888
0.231172	0.197625	0.902162
-0.201296	0.251016	0.91051
0.201294	0.251015	0.91051
0.049983	0.452208	0.465081
5.17665e-06	0.399994	0.890835
-0.151182	0.301484	0.910553
1.2389e-05	0.366315	0.482244
-0.0522048	0.315351	0.899902
0.0521974	0.315338	0.899903
0.0971636	0.323145	0.876902
-0.0507324	0.349256	0.876814
0.250861	0.222704	0.875573
1.18284e-09	0.340587	0.899942
-0.0258033	0.352967	0.899826
2.61015e-06	0.353597	0.908232
-0.122501	0.323751	0.885948
-0.251384	0.223521	0.892858
-0.0467626	0.386069	0.884781
-0.048154	0.374722	0.89427
0.148582	0.324626	0.894306
0.0467971	0.386141	0.884774
0.252611	0.211315	0.90172
0.0264864	0.327661	0.899949
-0.101731	0.327063	0.910438
-0.0715759	0.327508	0.899971
0.0975762	0.361371	0.88575
-0.0529885	0.341508	0.899885
-0.0526608	0.353246	0.910094
-0.074547	0.375483	0.902745
0.0529885	0.341508	0.899885
0.052659	0.353242	0.910094
0.026539	0.353454	0.917451
-0.0216142	0.377406	0.899965
-0.0225446	0.400279	0.875516
-0.04654	0.385628	0.876016
-0.0746782	0.362815	0.902922
-0.0165683	0.383433	0.89992
0.124896	0.312893	0.902753
0.0465893	0.38574	0.876009
0.0746782	0.362818	0.90292
0.0165615	0.383439	0.899922
-0.122284	0.323211	0.876903
-0.123302	0.324556	0.894614
-0.0979457	0.336893	0.894792
0.0262828	0.314655	0.899976
0.0757324	0.324256	0.876835
0.0923465	0.307652	0.876881
0.0748215	0.325471	0.894361
0.0779924	0.316507	0.899886
0.0914146	0.308668	0.894371
0.072164	0.34816	0.876879
0.0560408	0.343947	0.898854
0.0731666	0.34966	0.894654
-0.227035	0.211553	0.902219
-0.0757315	0.324257	0.876837
-0.0262902	0.31466	0.899976
-0.074816	0.325478	0.894358
-0.0779403	0.316521	0.899884
-0.0721634	0.348159	0.87688
-0.0560408	0.343947	0.898854
-0.0731676	0.349661	0.894655
-3.32853e-07	0.340716	0.90779
-0.0721398	0.361045	0.886007
-0.0732112	0.374615	0.894394
0.123361	0.324596	0.894554
0.0721413	0.361051	0.886006
0.0732166	0.374629	0.894391
